x | erro r | erro x 
[-2.0, 35.0, 2.0]
[1.0, 2.0, 3.0]
[2.5, 84.53125, 1.5]
[1.75, 11.3037109375, 0.75]
[1.375, 1.440277099609375, 0.375]
[1.1875, 0.7506685256958008, 0.1875]
[1.28125, 0.19323185086250305, 0.09375]
[1.234375, 0.31193743739277124, 0.046875]
[1.2578125, 0.06821314149419777, 0.0234375]
[1.26953125, 0.06022235342697968, 0.01171875]
[1.263671875, 0.004558043567868708, 0.005859375]
[1.2666015625, 0.02769036195316321, 0.0029296875]
[1.26513671875, 0.011530852709332073, 0.00146484375]
[1.264404296875, 0.003477595631752095, 0.000732421875]
[1.2640380859375, 0.0005424239949611831, 0.0003662109375]
[1.26422119140625, 0.0014670355357964127, 0.00018310546875]
[1.264129638671875, 0.0004621682342582645, 9.1552734375e-05]
[1.2640838623046875, 4.016226008030088e-05, 4.57763671875e-05]
[1.2641067504882812, 0.00021099439161798017, 2.288818359375e-05]
[1.2640953063964844, 8.54139169685908e-05, 1.1444091796875e-05]
[1.264089584350586, 2.262529125207635e-05, 5.7220458984375e-06]
[1.2640867233276367, 8.768618711130216e-06, 2.86102294921875e-06]
[1.2640881538391113, 6.9283026959965355e-06, 1.430511474609375e-06]
[1.264087438583374, 9.201664008529065e-07, 7.152557373046875e-07]
[1.2640877962112427, 3.0040660501384764e-06, 3.5762786865234375e-07]
[1.2640876173973083, 1.0419493001734281e-06, 1.7881393432617188e-07]
[1.2640875279903412, 6.089131865394393e-08, 8.940696716308594e-08]
[1.2640874832868576, 4.296375735179936e-07, 4.470348358154297e-08]
[1.2640875056385994, 1.843731354256306e-07, 2.2351741790771484e-08]
[1.2640875168144703, 6.17409110503786e-08, 1.1175870895385742e-08]
[1.2640875224024057, 4.247961982173365e-10, 5.587935447692871e-09]
[1.2640875251963735, 3.0233260339684875e-08, 2.7939677238464355e-09]
[1.2640875237993896, 1.490423251482298e-08, 1.3969838619232178e-09]
[1.2640875231008977, 7.239717270124402e-09, 6.984919309616089e-10]
[1.2640875227516517, 3.4074600918643227e-09, 3.4924596548080444e-10]
[1.2640875225770287, 1.4913315027342833e-09, 1.7462298274040222e-10]
[1.2640875224897172, 5.332676522584734e-10, 8.731149137020111e-11]
[1.2640875224460615, 5.423572702056845e-11, 4.3655745685100555e-11]
[1.2640875224242336, 1.8528112377680372e-10, 2.1827872842550278e-11]
[1.2640875224351475, 6.552269837811764e-11, 1.0913936421275139e-11]
[1.2640875224406045, 5.643485678774596e-12, 5.4569682106375694e-12]
[1.264087522443333, 2.4295232492477226e-11, 2.7284841053187847e-12]
[1.2640875224419688, 9.325873406851315e-12, 1.3642420526593924e-12]
[1.2640875224412866, 1.8403056856186595e-12, 6.821210263296962e-13]
[1.2640875224409456, 1.900701818158268e-12, 3.410605131648481e-13]
[1.264087522441116, 3.019806626980426e-14, 1.7053025658242404e-13]
[1.2640875224412014, 9.059419880941277e-13, 8.526512829121202e-14]
[1.2640875224411587, 4.3787196091216174e-13, 4.263256414560601e-14]
[1.2640875224411374, 2.042810365310288e-13, 2.1316282072803006e-14]
[1.2640875224411268, 8.704148513061227e-14, 1.0658141036401503e-14]
[1.2640875224411214, 2.842170943040401e-14, 5.329070518200751e-15]
[1.2640875224411188, 0, 0]

Intervalo inicial: [-8,4]   Minha matricula termina em 4
iteracoes: 52
Solução aproximada: 1.2640875224411188
[bisseccao] Tempo total de execução: 0.00023889541625976562


